          1     0.26724   0.0714174   0.0190856  0.00510045  0.00136305 0.000364261 9.73452e-05 2.60146e-05 6.95214e-06 1.85789e-06 4.96504e-07 1.32686e-07  3.5459e-08 9.47609e-09 2.53239e-09  6.7674e-10 1.80791e-10 4.80858e-11 1.19939e-11           0
          1    0.395769    0.140113   0.0466231   0.0149126  0.00464081   0.0014154  0.00042507 0.000126108 3.70446e-05 1.07934e-05 3.12322e-06 8.98464e-07  2.5716e-07  7.3281e-08 2.08015e-08 5.88429e-09 1.65877e-09 4.63892e-10 1.20707e-10           0
          1    0.462675    0.192393   0.0742021   0.0270991  0.00949993  0.00322644  0.00106852   0.0003467 0.000110601 3.47835e-05 1.08071e-05 3.32274e-06 1.01233e-06 3.05959e-07 9.18169e-08 2.73789e-08  8.1137e-09 2.37767e-09 6.43382e-10           0
          1    0.500295    0.229699   0.0981741   0.0396105   0.0152582  0.00566039  0.00203578 0.000713479 0.000244647 8.23351e-05  2.7266e-05 8.90323e-06 2.87147e-06 9.16025e-07 2.89381e-07 9.06163e-08 2.81342e-08 8.61177e-09 2.41633e-09           0
          1    0.523025    0.255995    0.117702   0.0512252   0.0212706  0.00848664  0.00327289    0.001226 0.000447871 0.000160085  5.6139e-05 1.93589e-05 6.57693e-06  2.2049e-06 7.30409e-07  2.3935e-07 7.76095e-08 2.47414e-08 7.17921e-09           0
          1    0.537687    0.274708    0.133154   0.0614116    0.027079   0.0114742  0.00469475  0.00186278 0.000719412 0.000271293 0.000100166 3.62929e-05 1.29302e-05 4.53734e-06 1.57054e-06  5.3685e-07 1.81267e-07 6.00196e-08 1.79665e-08           0
          1    0.547722    0.288297    0.145266   0.0700649   0.0324205   0.0144393  0.00621202  0.00259057  0.00105058 0.000415519 0.000160688 6.08947e-05 2.26584e-05 8.29232e-06 2.98927e-06 1.06272e-06 3.72637e-07 1.27826e-07 3.93835e-08           0
          1    0.554968    0.298422     0.15478   0.0772967   0.0371823   0.0172581  0.00774769  0.00337306  0.00142789 0.000589206 0.000237543 9.37608e-05 3.63009e-05 1.38088e-05 5.16857e-06 1.90578e-06 6.92212e-07 2.45413e-07 7.76593e-08           0
          1    0.560461    0.306183    0.162328   0.0833049   0.0413485   0.0198605  0.00924394  0.00417697  0.00183606 0.000786732 0.000329267 0.000134853 5.41399e-05 2.13402e-05 8.27021e-06 3.15466e-06 1.18409e-06 4.32906e-07 1.40422e-07           0
          1    0.564813    0.312312    0.168405   0.0883034   0.0449577   0.0222171   0.0106626  0.00497528  0.00226039  0.00100152 0.000433476 0.000183572  7.6182e-05 3.10264e-05  1.2417e-05 4.88808e-06 1.89177e-06 7.11728e-07 2.36213e-07           0
          1    0.568399    0.317299    0.173385   0.0924895   0.0480741   0.0243262   0.0119823  0.00574825   0.0026882  0.00122697 0.000547293 0.000238896 0.000102184 4.28851e-05 1.76805e-05 7.16683e-06 2.85392e-06 1.10272e-06 3.73815e-07           0
          1    0.571456    0.321474    0.177548    0.096032   0.0507694   0.0262023   0.0131945  0.00648299  0.00310953  0.00145711  0.00066772 0.000299551 0.000131707 5.68202e-05 2.40771e-05 1.00284e-05 4.10082e-06 1.62428e-06 5.61514e-07           0
          1    0.574139    0.325064    0.181101   0.0990688   0.0531133   0.0278688   0.0142994  0.00717237  0.00351719  0.00168697 0.000791933 0.000364164 0.000164183 7.26433e-05 3.15708e-05 1.34847e-05 5.65193e-06 2.29082e-06 8.06403e-07           0
          1    0.576553    0.328227    0.184196     0.10171   0.0551683   0.0293521    0.015303  0.00781367  0.00390652  0.00191269 0.000917465 0.000431397 0.000198981 9.01001e-05 4.00811e-05 1.75233e-05 7.51489e-06 3.11172e-06 1.11383e-06           0
          1    0.578767    0.331074    0.186943    0.104044   0.0569883   0.0306786   0.0162144  0.00840733  0.00427499  0.00213152   0.0010423 0.000500031 0.000235463 0.000108899 4.94944e-05 2.21101e-05 9.68563e-06 4.09082e-06 1.48703e-06           0
          1    0.580831    0.333682    0.189427    0.106136   0.0586186   0.0318731   0.0170438  0.00895581  0.00462169  0.00234171   0.0011649 0.000569028 0.000273031 0.000128738  5.9676e-05 2.71944e-05 1.21497e-05 5.22655e-06 1.92704e-06           0
          1    0.582779    0.336108    0.191707    0.108039    0.060096   0.0329575    0.017802  0.00946281  0.00494689   0.0025423  0.00128416  0.00063755 0.000311155 0.000149323 7.04819e-05 3.27138e-05 1.48842e-05  6.5124e-06 2.43272e-06           0
          1    0.584636    0.338394     0.19383    0.109795   0.0614508   0.0339509    0.018499  0.00993259  0.00525166  0.00273297   0.0013994  0.00070496 0.000349389 0.000170385 8.17685e-05 3.85998e-05 1.78602e-05 7.93781e-06 3.00103e-06           0
          1    0.586419    0.340568    0.195829    0.111433   0.0627069   0.0348693   0.0191442   0.0103696  0.00553755  0.00291387  0.00151024  0.00077081 0.000387375 0.000191691 9.34007e-05 4.47822e-05 2.10449e-05 9.48924e-06 3.62739e-06           0
          1    0.588141    0.342652     0.19773    0.112977   0.0638836   0.0357262   0.0197457   0.0107781  0.00580639  0.00308546  0.00161657 0.000834816 0.000424845 0.000213045 0.000105257 5.11933e-05 2.44042e-05 1.11512e-05 4.30608e-06           0
          1    0.589812    0.344664    0.199551    0.114447   0.0649963   0.0365327   0.0203107   0.0111621  0.00606005  0.00324844  0.00171845 0.000896826  0.00046161 0.000234292 0.000117232 5.77704e-05 2.79041e-05 1.29072e-05 5.03068e-06           0
          1    0.591439    0.346615    0.201308    0.115857    0.066057   0.0372979   0.0208453   0.0115252  0.00630042  0.00340357  0.00181611 0.000956797 0.000497549 0.000255316 0.000129239 6.44579e-05 3.15129e-05 1.47411e-05 5.79446e-06           0
          1    0.593027    0.348513    0.203012    0.117217   0.0670753   0.0380293   0.0213545   0.0118707  0.00652923  0.00355169  0.00190983  0.00101477 0.000532599 0.000276036 0.000141211 7.12085e-05 3.52015e-05  1.6637e-05 6.59078e-06           0
          1    0.594581    0.350368     0.20467    0.118536   0.0680587   0.0387328   0.0218427   0.0122012  0.00674812  0.00369362  0.00199996  0.00107083 0.000566745 0.000296399 0.000153095 7.79834e-05 3.89448e-05 1.85808e-05 7.41329e-06           0
          1    0.596104    0.352182     0.20629     0.11982   0.0690133   0.0394133   0.0223135   0.0125192  0.00695853  0.00383014  0.00208688  0.00112511 0.000600002 0.000316378 0.000164856 8.47518e-05 4.27213e-05 2.05595e-05 8.25622e-06           0
          1    0.597599    0.353962    0.207877    0.121076   0.0699437   0.0400746   0.0227697   0.0128268  0.00716173  0.00396199  0.00217094  0.00117777 0.000632413 0.000335966 0.000176471 9.14911e-05 4.65137e-05 2.25625e-05 9.11443e-06           0
          1    0.599067     0.35571    0.209434    0.122306   0.0708536   0.0407198   0.0232138   0.0131255  0.00735884  0.00408983   0.0022525  0.00122898 0.000664038 0.000355172 0.000187928 9.81852e-05 5.03087e-05 2.45806e-05 9.98357e-06           0
          1    0.600509    0.357428    0.210964    0.123514   0.0717461   0.0413516   0.0236478   0.0134168  0.00755081  0.00421425   0.0023319   0.0012789 0.000694947 0.000374015 0.000199224 0.000104824 5.40961e-05 2.66068e-05   1.086e-05           0
          1    0.601928     0.35912     0.21247    0.124703   0.0726234   0.0419718   0.0240732    0.013702  0.00773847  0.00433577  0.00240945  0.00132768 0.000725215 0.000392521 0.000210364 0.000111403 5.78693e-05 2.86357e-05  1.1741e-05           0
          1    0.603325    0.360785    0.213954    0.125874   0.0734874   0.0425821   0.0244914    0.013982  0.00792249  0.00445484  0.00248541   0.0013755 0.000754916 0.000410723 0.000221355  0.00011792 6.16241e-05 3.06633e-05 1.26242e-05           0
          1      0.6047    0.362427    0.215417    0.127029   0.0743397   0.0431839   0.0249034   0.0142576  0.00810348  0.00457185  0.00256003  0.00142248 0.000784127 0.000428655  0.00023221 0.000124378 6.53584e-05 3.26872e-05 1.35083e-05           0
          1    0.606054    0.364045    0.216861     0.12817   0.0751813   0.0437781     0.02531   0.0145295   0.0082819  0.00468715  0.00263353  0.00146875 0.000812917 0.000446352 0.000242945 0.000130781 6.90721e-05  3.4706e-05 1.43921e-05           0
          1    0.607388    0.365641    0.218287    0.129297   0.0760132   0.0443656   0.0257121   0.0147982  0.00845817  0.00480101  0.00270609  0.00151444 0.000841353 0.000463847 0.000253574 0.000137134 7.27664e-05 3.67192e-05 1.52751e-05           0
          1    0.608702    0.367216    0.219695    0.130411   0.0768362    0.044947   0.0261101   0.0150642  0.00863263  0.00491367  0.00277788  0.00155964 0.000869495 0.000481175 0.000264114 0.000143445 7.64435e-05 3.87272e-05 1.61572e-05           0
          1    0.609998    0.368771    0.221087    0.131513    0.077651    0.045523   0.0265045   0.0153278  0.00880556  0.00502533  0.00284903  0.00160444 0.000897398 0.000498366 0.000274582 0.000149721 8.01063e-05 4.07306e-05 1.70385e-05           0
          1    0.611275    0.370305    0.222462    0.132604    0.078458   0.0460939   0.0268956   0.0155894  0.00897718  0.00513617  0.00291966  0.00164893  0.00092511 0.000515448 0.000284991  0.00015597 8.37581e-05 4.27309e-05 1.79193e-05           0
          1    0.612534     0.37182    0.223822    0.133683   0.0792576   0.0466601   0.0272838   0.0158492  0.00914769  0.00524632  0.00298988  0.00169316 0.000952674 0.000532447 0.000295358 0.000162199 8.74026e-05 4.47294e-05 1.88001e-05           0
          1    0.613776    0.373317    0.225167    0.134752   0.0800503   0.0472219   0.0276694   0.0161074  0.00931723  0.00535591  0.00305975  0.00173719 0.000980127 0.000549387 0.000305696 0.000168415 9.10434e-05 4.67279e-05 1.96815e-05           0
          1    0.615001    0.374794    0.226497    0.135811   0.0808363   0.0477796   0.0280525   0.0163641  0.00948595  0.00546502  0.00312937  0.00178108   0.0010075 0.000566288 0.000316016 0.000174626 9.46842e-05 4.87281e-05 2.05643e-05           0
          1    0.616209    0.376254    0.227813    0.136859   0.0816158   0.0483333   0.0284332   0.0166195  0.00965394  0.00557374  0.00319877  0.00182486  0.00103483 0.000583169 0.000326331 0.000180838 9.83284e-05 5.07317e-05 2.14491e-05           0
          1      0.6174    0.377697    0.229115    0.137898   0.0823891   0.0488833   0.0288118   0.0168737   0.0098213  0.00568214  0.00326802  0.00186858  0.00106213 0.000600044 0.000336649 0.000187057 0.000101979 5.27404e-05 2.23366e-05           0
          1    0.618576    0.379122    0.230403    0.138927   0.0831564   0.0494297   0.0291883   0.0171268  0.00998808  0.00579026  0.00333716  0.00191225  0.00108942 0.000616928 0.000346981 0.000193288  0.00010564 5.47559e-05 2.32275e-05           0
          1    0.619736     0.38053    0.231678    0.139948   0.0839178   0.0499725   0.0295629   0.0173788   0.0101544  0.00589816  0.00340621  0.00195591  0.00111673 0.000633832 0.000357332 0.000199536 0.000109314 5.67797e-05 2.41225e-05           0
          1    0.620881    0.381922     0.23294    0.140959   0.0846734    0.050512   0.0299355   0.0176299   0.0103202  0.00600587   0.0034752  0.00199958  0.00114406 0.000650767 0.000367711 0.000205806 0.000113003 5.88132e-05 2.50222e-05           0
          1    0.622011    0.383298    0.234189    0.141961   0.0854234   0.0510481   0.0303064   0.0178801   0.0104855  0.00611342  0.00354417  0.00204326  0.00117143 0.000667741 0.000378122   0.0002121 0.000116709 6.08577e-05 2.59271e-05           0
          1    0.623126    0.384658    0.235425    0.142955    0.086168    0.051581   0.0306754   0.0181293   0.0106505  0.00622082  0.00361311  0.00208698  0.00119885 0.000684761 0.000388571 0.000218423 0.000120435 6.29143e-05 2.68378e-05           0
          1    0.624227    0.386003     0.23665     0.14394   0.0869071   0.0521108   0.0310428   0.0183777   0.0108151  0.00632811  0.00368206  0.00213075  0.00122633 0.000701833 0.000399062 0.000224776 0.000124182  6.4984e-05 2.77548e-05           0
          1    0.625314    0.387332    0.237862    0.144916    0.087641   0.0526374   0.0314085   0.0186253   0.0109794   0.0064353  0.00375102  0.00217457  0.00125387 0.000718962 0.000409598 0.000231163 0.000127952 6.70678e-05 2.86784e-05           0
          1    0.626387    0.388647    0.239062    0.145885   0.0883697   0.0531611   0.0317725   0.0188721   0.0111433   0.0065424  0.00382001  0.00221846  0.00128148 0.000736152 0.000420183 0.000237586 0.000131746 6.91665e-05 2.96091e-05           0
          1    0.627447    0.389947     0.24025    0.146845   0.0890933   0.0536817    0.032135   0.0191181    0.011307  0.00664942  0.00388902  0.00226241  0.00130917 0.000753407 0.000430818 0.000244045 0.000135566 7.12807e-05 3.05471e-05           0
          1    0.628493    0.391232    0.241427    0.147798   0.0898119   0.0541995   0.0324958   0.0193633   0.0114703  0.00675637  0.00395807  0.00230644  0.00133693 0.000770729 0.000441506 0.000250543 0.000139411  7.3411e-05 3.14928e-05           0
          1    0.629526    0.392503    0.242593    0.148742   0.0905255   0.0547143   0.0328551   0.0196078   0.0116333  0.00686326  0.00402715  0.00235054  0.00136477  0.00078812 0.000452248  0.00025708 0.000143284 7.55579e-05 3.24463e-05           0
          1    0.630546    0.393761    0.243748    0.149679   0.0912342   0.0552263   0.0332129   0.0198515    0.011796  0.00697009  0.00409629  0.00239473   0.0013927 0.000805583 0.000463046 0.000263658 0.000147185 7.77218e-05 3.34078e-05           0
          1    0.631554    0.395005    0.244892    0.150609   0.0919382   0.0557355   0.0335692   0.0200946   0.0119585  0.00707686  0.00416547  0.00243899  0.00142071 0.000823118 0.000473901 0.000270278 0.000151113 7.99032e-05 3.43776e-05           0
          1     0.63255    0.396235    0.246025    0.151531   0.0926375   0.0562419    0.033924   0.0203369   0.0121206  0.00718358  0.00423469  0.00248334   0.0014488 0.000840726 0.000484813  0.00027694 0.000155071 8.21022e-05 3.53558e-05           0
          1    0.633534    0.397453    0.247147    0.152445   0.0933321   0.0567456   0.0342774   0.0205785   0.0122825  0.00729025  0.00430397  0.00252778  0.00147698 0.000858409 0.000495783 0.000283644 0.000159057 8.43191e-05 3.63425e-05           0
          1    0.634506    0.398657     0.24826    0.153353   0.0940221   0.0572467   0.0346292   0.0208195   0.0124442  0.00739687   0.0043733   0.0025723  0.00150525 0.000876167 0.000506812 0.000290391 0.000163073 8.65542e-05 3.73378e-05           0
          1    0.635466    0.399849    0.249362    0.154253   0.0947076    0.057745   0.0349797   0.0210597   0.0126056  0.00750345  0.00444269   0.0026169   0.0015336 0.000893999   0.0005179 0.000297182 0.000167119 8.88075e-05 3.83417e-05           0
          1    0.636415    0.401028    0.250454    0.155146   0.0953886   0.0582408   0.0353288   0.0212993   0.0127667  0.00760998  0.00451212  0.00266159  0.00156205 0.000911906 0.000529047 0.000304015 0.000171194 9.10791e-05 3.93544e-05           0
          1    0.637353    0.402195    0.251536    0.156033   0.0960653    0.058734   0.0356764   0.0215382   0.0129275  0.00771646   0.0045816  0.00270637  0.00159058 0.000929889 0.000540253 0.000310893 0.000175299 9.33693e-05 4.03758e-05           0
          1    0.638279    0.403351    0.252608    0.156912   0.0967376   0.0592246   0.0360227   0.0217765   0.0130881   0.0078229  0.00465114  0.00275123  0.00161919 0.000947946 0.000551518 0.000317813 0.000179434 9.56779e-05  4.1406e-05           0
          1    0.639196    0.404494    0.253671    0.157785   0.0974056   0.0597127   0.0363676    0.022014   0.0132485   0.0079293  0.00472073  0.00279618  0.00164789 0.000966079 0.000562842 0.000324778 0.000183599 9.80051e-05 4.24451e-05           0
          1    0.640101    0.405626    0.254725    0.158651   0.0980694   0.0601983   0.0367112    0.022251   0.0134086  0.00803565  0.00479037  0.00284121  0.00167668 0.000984286 0.000574225 0.000331785 0.000187794 0.000100351  4.3493e-05           0
          1    0.640996    0.406746    0.255769    0.159511    0.098729   0.0606814   0.0370535   0.0224873   0.0135684  0.00814196  0.00486006  0.00288632  0.00170555  0.00100257 0.000585667 0.000338837 0.000192019 0.000102715 4.45497e-05           0
          1    0.641881    0.407855    0.256804    0.160364   0.0993846   0.0611621   0.0373944    0.022723    0.013728  0.00824823   0.0049298  0.00293151  0.00173451  0.00102092 0.000597167 0.000345931 0.000196274 0.000105098 4.56153e-05           0
          1    0.642756    0.408953    0.257831    0.161211    0.100036   0.0616405    0.037734    0.022958   0.0138874  0.00835445  0.00499959  0.00297679  0.00176355  0.00103935 0.000608725 0.000353069 0.000200559   0.0001075 4.66897e-05           0
          1    0.643621     0.41004    0.258848    0.162052    0.100683   0.0621164   0.0380723   0.0231924   0.0140465  0.00846062  0.00506942  0.00302215  0.00179268  0.00105785 0.000620342 0.000360249 0.000204873 0.000109919  4.7773e-05           0
          1    0.644477    0.411117    0.259857    0.162887    0.101327     0.06259   0.0384093   0.0234262   0.0142053  0.00856675  0.00513931  0.00306759  0.00182189  0.00107643 0.000632016 0.000367473 0.000209217 0.000112358 4.88651e-05           0
          1    0.645323    0.412183    0.260857    0.163715    0.101967   0.0630612   0.0387451   0.0236593   0.0143639  0.00867284  0.00520924   0.0031131  0.00185118  0.00109507 0.000643748 0.000374739 0.000213591 0.000114815 4.99659e-05           0
          1     0.64616    0.413239    0.261849    0.164538    0.102602   0.0635302   0.0390796   0.0238919   0.0145223  0.00877887  0.00527921   0.0031587  0.00188055  0.00111379 0.000655536 0.000382048 0.000217994  0.00011729 5.10756e-05           0
          1    0.646988    0.414284    0.262832    0.165355    0.103234   0.0639969   0.0394129   0.0241238   0.0146805  0.00888487  0.00534923  0.00320437  0.00191001  0.00113258 0.000667382 0.000389399 0.000222427 0.000119783  5.2194e-05           0
          1    0.647806     0.41532    0.263808    0.166166    0.103862   0.0644613   0.0397449   0.0243552   0.0148383  0.00899081  0.00541929  0.00325012  0.00193954  0.00115144 0.000679284 0.000396792 0.000226888 0.000122295 5.33211e-05           0
          1    0.648616    0.416346    0.264775    0.166971    0.104487   0.0649236   0.0400758   0.0245859    0.014996  0.00909671   0.0054894  0.00329594  0.00196915  0.00117037 0.000691242 0.000404227 0.000231379 0.000124825  5.4457e-05           0
          1    0.649417    0.417362    0.265734     0.16777    0.105108   0.0653836   0.0404054   0.0248161   0.0151534  0.00920256  0.00555954  0.00334184  0.00199885  0.00118936 0.000703255 0.000411704 0.000235899 0.000127373 5.56015e-05           0
          1     0.65021    0.418369    0.266686    0.168564    0.105725   0.0658415   0.0407338   0.0250456   0.0153106  0.00930836  0.00562973  0.00338782  0.00202862  0.00120843 0.000715324 0.000419222 0.000240448 0.000129939 5.67547e-05           0
          1    0.650995    0.419366     0.26763    0.169353    0.106339   0.0662972    0.041061   0.0252746   0.0154676  0.00941411  0.00569995  0.00343386  0.00205846  0.00122757 0.000727448 0.000426781 0.000245026 0.000132524 5.79164e-05           0
          1    0.651771    0.420354    0.268566    0.170136    0.106949   0.0667508   0.0413871    0.025503   0.0156243  0.00951981  0.00577022  0.00347998  0.00208839  0.00124677 0.000739627 0.000434382 0.000249632 0.000135126 5.90868e-05           0
          1    0.652539    0.421333    0.269495    0.170914    0.107555   0.0672023    0.041712   0.0257308   0.0157808  0.00962546  0.00584052  0.00352617  0.00211839  0.00126604  0.00075186 0.000442023 0.000254267 0.000137746 6.02658e-05           0
          1    0.653299    0.422303    0.270416    0.171686    0.108158   0.0676517   0.0420357   0.0259581    0.015937  0.00973107  0.00591086  0.00357243  0.00214846  0.00128538 0.000764147 0.000449705  0.00025893 0.000140384 6.14533e-05           0
          1    0.654052    0.423265     0.27133    0.172453    0.108758    0.068099   0.0423583   0.0261848    0.016093  0.00983662  0.00598124  0.00361875  0.00217861  0.00130478 0.000776488 0.000457427 0.000263622 0.000143039 6.26492e-05           0
          1    0.654796    0.424217    0.272237    0.173216    0.109355   0.0685444   0.0426798   0.0264109   0.0162488  0.00994212  0.00605165  0.00366515  0.00220883  0.00132425 0.000788882 0.000465189 0.000268341 0.000145712 6.38537e-05           0
          1    0.655533    0.425162    0.273137    0.173973    0.109948   0.0689877   0.0430001   0.0266364   0.0164044   0.0100476  0.00612209  0.00371161  0.00223912  0.00134379 0.000801328 0.000472991 0.000273089 0.000148403 6.50666e-05           0
          1    0.656263    0.426097     0.27403    0.174725    0.110537    0.069429   0.0433193   0.0268615   0.0165597    0.010153  0.00619257  0.00375814  0.00226949  0.00136339 0.000813828 0.000480833 0.000277864 0.000151111 6.62879e-05           0
          1    0.656986    0.427025    0.274916    0.175472    0.111124   0.0698684   0.0436375   0.0270859   0.0167148   0.0102583  0.00626308  0.00380474  0.00229993  0.00138305 0.000826379 0.000488714 0.000282667 0.000153837 6.75176e-05           0
          1    0.657701    0.427945    0.275796    0.176214    0.111707   0.0703058   0.0439545   0.0273098   0.0168696   0.0103636  0.00633362   0.0038514  0.00233044  0.00140278 0.000838983 0.000496635 0.000287498  0.00015658 6.87557e-05           0
          1    0.658409    0.428856    0.276669    0.176951    0.112287   0.0707412   0.0442705   0.0275332   0.0170243   0.0104688  0.00640419  0.00389812  0.00236102  0.00142257 0.000851638 0.000504595 0.000292356  0.00015934  7.0002e-05           0
          1    0.659111     0.42976    0.277535    0.177684    0.112864   0.0711748   0.0445854    0.027756   0.0171787    0.010574   0.0064748  0.00394491  0.00239166  0.00144243 0.000864344 0.000512593 0.000297242 0.000162118 7.12567e-05           0
          1    0.659805    0.430656    0.278395    0.178412    0.113438   0.0716065   0.0448992   0.0279783   0.0173329   0.0106791  0.00654543  0.00399176  0.00242238  0.00146234 0.000877101  0.00052063 0.000302155 0.000164913 7.25196e-05           0
          1    0.660493    0.431544    0.279248    0.179135    0.114009   0.0720363    0.045212      0.0282   0.0174869   0.0107842  0.00661609  0.00403867  0.00245317  0.00148232 0.000889909 0.000528706 0.000307095 0.000167724 7.37907e-05           0
          1    0.661174    0.432425    0.280095    0.179854    0.114577   0.0724642   0.0455237   0.0284212   0.0176406   0.0108892  0.00668678  0.00408564  0.00248402  0.00150236 0.000902767 0.000536819 0.000312061 0.000170553 7.50701e-05           0
          1    0.661849    0.433298    0.280936    0.180568    0.115142   0.0728903   0.0458344   0.0286419   0.0177941   0.0109942  0.00675749  0.00413268  0.00251494  0.00152246 0.000915674 0.000544971 0.000317055 0.000173399 7.63576e-05           0
          1    0.662517    0.434165    0.281771    0.181278    0.115704   0.0733146   0.0461441   0.0288621   0.0179474   0.0110991  0.00682823  0.00417977  0.00254592  0.00154262 0.000928632  0.00055316 0.000322075 0.000176262 7.76532e-05           0
          1    0.663179    0.435023      0.2826    0.181983    0.116263   0.0737371   0.0464527   0.0290818   0.0181005    0.011204    0.006899  0.00422692  0.00257697  0.00156284 0.000941638 0.000561387 0.000327122 0.000179141  7.8957e-05           0
          1    0.663835    0.435875    0.283422    0.182684    0.116819   0.0741578   0.0467604   0.0293009   0.0182534   0.0113088  0.00696979  0.00427412  0.00260809  0.00158312 0.000954694 0.000569652 0.000332196 0.000182038 8.02688e-05           0
          1    0.664485     0.43672    0.284239    0.183381    0.117372   0.0745768    0.047067   0.0295196    0.018406   0.0114135  0.00704061  0.00432139  0.00263927  0.00160346 0.000967798 0.000577953 0.000337295  0.00018495 8.15887e-05           0
          1    0.665129    0.437558     0.28505    0.184074    0.117922    0.074994   0.0473726   0.0297377   0.0185585   0.0115182  0.00711145  0.00436871  0.00267051  0.00162385 0.000980951 0.000586292 0.000342421  0.00018788 8.29165e-05           0
          1    0.665767    0.438389    0.285856    0.184762     0.11847   0.0754095   0.0476773   0.0299553   0.0187107   0.0116228  0.00718231  0.00441609  0.00270182  0.00164431 0.000994151 0.000594667 0.000347574 0.000190826 8.42524e-05           0
          1    0.666399    0.439214    0.286656    0.185446    0.119015   0.0758233    0.047981   0.0301724   0.0188627   0.0117274  0.00725319  0.00446352  0.00273319  0.00166482   0.0010074 0.000603079 0.000352752 0.000193789 8.55962e-05           0
          1    0.667025    0.440032     0.28745    0.186126    0.119557   0.0762354   0.0482837    0.030389   0.0190144   0.0118319  0.00732409    0.004511  0.00276462  0.00168539  0.00102069 0.000611527 0.000357955 0.000196767  8.6948e-05           0
          1    0.667646    0.440843    0.288239    0.186802    0.120096   0.0766458   0.0485855   0.0306052    0.019166   0.0119363  0.00739502  0.00455854  0.00279611  0.00170602  0.00103404 0.000620012 0.000363185 0.000199763 8.83077e-05           0
